2.0023204977743534
2.002320417133702
2.002320336489549
2.00232025389339
2.0023201704459392
2.0023200866161797
2.002320001328153
2.0023199150673063
2.0023198280545436
2.0023197401150004
2.0023196511631958
2.002319579010376
2.002319487977662
2.0023193965763353
2.0023193033307836
2.0023192096196767
2.0023191145725567
2.0023190195407072
2.00231892286718
2.002318826001344
2.00231872831554
2.0023186289758343
2.0023185291439423
2.0023184278313835
2.0023183263141866
2.0023182239394637
2.0023181212559313
2.002318016850798
2.0023179120374848
2.0023178068240153
2.0023176993003333
2.0023175928199897
2.0023174850077217
2.0023173752692083
2.0023172660831254
2.0023171558516246
2.0023170448022243
2.0023169326298085
2.002316820066303
2.0023167074470978
2.002316593383905
2.0023164785848344
2.0023163622128872
2.002316246817792
2.0023161294901564
2.002316011836717
2.00231589383427
2.002315774533087
2.0023156554143027
2.00231553417711
2.0023154134175725
2.0023005077747547
2.0022818658906645
2.002261069046952
2.002239018011675
2.0022162710714753
2.0021931940589646
2.002170030694994
2.002146949279938
2.0021240676790613
2.002101466990453
2.002079203525711
2.0020573160007005
2.002035828348391
2.0020147557820978
2.001994108299429
2.0019738880350393
2.0019540940851663
2.001934723844532
2.0019157713819236
2.0018972289745585
2.001879089869527
2.0018613436286756
2.0018439804570494
2.0018269923797796
2.0018103679444366
2.0017940972451824
2.001778170383435
2.001762577690868
2.0017473098303595
2.001732356432393
2.001717709107449
2.0017033580177914
2.0016892950755762
2.0016755114756744
2.0016619987233057
2.001648749178057
2.001635755102596
2.0016230089005926
2.001610503743233
2.001598231884561
2.001586187312916
2.0015743631334235
2.0015627534637783
2.00155135182986
2.001540152613885
2.00152915080933
2.001518340035682
2.001507715617042
2.001497272606609
2.001487005533005
2.0014769104571317
2.0014669825265066
2.0014572172738876
2.0014476105389387
2.0014381583831025
2.0014288568428604
2.0014197020163875
2.0014106904616207
2.0014018184143003
2.001393082202011
2.0013844790009157
2.0013760054413328
2.0013676582199578
2.0013594348506314
2.001351331693568
2.0013433464420607
2.001335476339428
2.001327718374358
2.001320070343621
2.0013125296887115
2.001305093968665
2.0012977609502665
2.0012905281536844
2.0012833938132557
2.001276355031947
2.001269410555476
2.0012625584441666
2.0012557958793233
2.001249121440566
2.0012425334257693
2.0012360300180054
2.0012296092497857
2.0012232696435217
2.001217009572112
2.00121082731676
2.0012047214204345
2.0011986903145216
2.0011927325035295
2.0011868466576477
2.0011810315642755
2.001175285552416
2.001169607369448
2.0011639956031395
2.0011584494584773
2.0011529673622794
2.0011475481855627
2.0011421907664957
2.0011368940246945
2.0011316569383784
2.0011264783526648
2.0011213570605757
2.0011162923224655
2.0011112830898283
2.0011063280415655
2.001101426750283
2.001096578056608
2.0010917807954676
2.001087034750104
2.0010823384514387
2.001077691195234
2.0010730923120934
2.00106854095258
2.0010640363253662
2.00105957758819
2.0010551640478917
2.001050795026064
2.0010464696470285
2.001042187295554
2.0010379474354605
2.001033749189418
2.001029591938847
2.001025475210508
2.001021398193524
2.001017360355026
2.001013361072621
2.001009399684948
2.00100547568657
2.001001588633519
2.0009977377614563
2.0009939226460314
2.000990142730678
2.0009863975561495
2.000982686585156
2.0009790092916098
2.000975365179455
2.0009717538704437
2.000968174528015
2.000964627163276
2.0009611110339613
2.0009576259839874
2.0009541713747288
2.0009507466048966
2.0009473516619787
2.0009439858644362
2.0009406489585193
2.0009373403522064
2.0009340593947553
2.0009308068896625
2.0009275813756555
2.000924382635144
2.0009212105551044
2.000918064648499
2.0009149447252548
2.000911850085474
2.000908780829191
2.0009057363577214
2.0009027158802426
2.000899720745055
2.000896749069176
2.000893800956726
2.000890876124769
2.0008879743224655
2.0008850952746267
2.000882238637495
2.0008794041726667
2.0008765917009246
2.000873800766723
2.000871031275321
2.000868282792936
2.0008655551612473
2.0008628481330715
2.0008601614736343
2.0008574948548796
2.000854848252051
2.0008522212519444
2.00084961359746
2.000847025024769
2.0008444554820226
2.0008419047123733
2.000839372326831
2.0008368583439986
2.000834362458838
2.000831884379022
2.000829423983076
2.000826981095478
2.000824555372814
2.0008221468534724
2.000819755163861
2.0008173802081015
2.0008150217651144
2.000812679616304
2.000810353606967
2.00080804365376
2.000805749554221
2.0008034709260474
2.0008012077703445
2.000798960071766
2.0007967273577325
2.0007945096382884
2.0007923067230737
2.000790118451741
2.000787944728604
2.0007857852749455
2.000783640090968
2.0007815089208343
2.000779391596418
2.0007772880848536
2.000775198160089
2.0007731216792015
2.000771058651854
2.0007690087045518
2.000766971866498
2.0007649478733964
2.0007629369028734
2.0007609383466556
2.000758952510627
2.0007569790317143
2.0007550178017266
2.0007530688573545
2.0007511319127365
2.0007492069137
2.000747293672291
2.000745414014999
2.000743502335998
2.000741623943766
2.000739756852839
2.000737901094543
2.000736056447593
2.0007342228580733
2.0007324002068585
2.000730588382148
2.0007287873920223
2.00072699692804
2.0007252169708925
2.000723447474445
2.0007216883423355
2.000719939499389
2.0007182007319058
2.0007164720250126
2.000714753311723
2.000713044451973
2.000711345305725
2.000709656001826
2.00070797620338
2.0007063059478516
2.0007046451229913
2.0007029935646266
2.00070135137844
2.0006997183278274
2.000698094429567
2.000696479493067
2.000694873511983
2.000693276328925
2.0006916880377665
2.0006901084171895
2.0006885374382444
2.0006869750269223
2.0006854210338356
2.000683875546016
2.000682338371159
2.000680809385001
2.000679288597372
2.0006777759936125
2.0006762714480257
2.0006747748937195
2.0006732862321766
2.0006718054670185
2.0006703324885216
2.0006688672086876
2.0006674095418067
2.0006659596083973
2.0006645171161015
2.0006630820710183
2.000661654484747
2.000660234267462
2.0006588212789542
2.000657415576483
2.000656016946375
2.0006546255691324
2.0006532411583464
2.000651863842554
2.0006504933596014
2.000649129852889
2.00064777305884
2.0006464231874834
2.000645079972334
2.000643743433204
2.000642413552719
2.0006410902106158
2.000639773391326
2.0006384630283787
2.0006371591010477
2.0006358614343704
2.000634570225364
2.0006332852494584
2.000632006489929
2.0006307338398774
2.0006294674398934
2.0006282069977783
2.000626952646944
2.000625704236321
2.000624461844228
2.0006232252984795
2.0006219945857535
2.0006207697155967
2.0006195506218973
2.0006183372205824
2.000617129521798
2.000615927508178
2.000614730979747
2.0006135400601934
2.0006123546592507
2.000611174735769
2.0006100002005813
2.000608830999894
2.0006076672385134
2.0006065087832194
2.0006053556112637
2.000604207698582
2.0006030650597033
2.0006019275653486
2.0006007950853797
2.0005996677922413
2.0005985454448214
2.0005974282450505
2.000596315964382
2.000595208603685
2.0005941061740216
2.0005930086312333
2.0005919159296366
2.000590828047912
2.0005897449289276
2.000588666564578
2.0005875928720482
2.000586523911915
2.0005854595976653
2.000584399876076
2.0005833447644554
2.000582294154075
2.0005812481154766
2.0005802065676908
2.0005791694032253
2.0005781367406192
2.0005771084262105
2.0005760844823213
2.0005750649293805
2.000574049645036
2.0005730386902343
2.0005720319423785
2.000571029451639
2.000570031114505
2.000569037007556
2.0005680469182874
2.000567061055749
2.0005660792744395
2.000565101549968
2.000564127809365
2.000563158129332
2.0005621924304036
2.0005612306402103
2.0005602727914673
2.000559318914524
2.000558368852405
2.000557422606542
2.0005564802810167
2.000555541703392
2.0005546069453883
2.0005536759109637
2.0005527486639814
2.000551825063482
2.0005509051602512
2.0005499889125393
2.0005490763126192
2.000548167396386
2.0005472619550093
2.000546360157006
2.000545461896816
2.0005445671553317
2.000543675934363
2.0005427881817344
2.00054190389365
2.000541023077111
2.000540145650534
2.000539271611653
2.000538400975473
2.0005375336701423
2.0005366697237865
2.0005358090785244
2.000534951732212
2.0005340976714003
2.000533246865921
2.000532399324269
2.0005315549283065
2.000530713787853
2.000529875798725
2.0005290409775536
2.000528209303646
2.000527380756752
2.000526555296474
2.000525732907092
2.0005249136379257
2.000524097324369
2.0005232841677656
2.000522473980036
2.000521666730602
2.000520862507491
2.0005200640538514
2.0005192629216073
2.000518467518835
2.000517675047686
2.000516885393081
2.000516098710736
2.0005153148530077
2.0005145338210437
2.0005137552184777
2.0005129802581534
2.0005122076098085
2.000511437851523
2.000510670775547
2.000509906488278
2.000509144872004
2.0005083861185033
2.000507629965926
2.0005068764964946
2.000506125696093
2.000505377527867
2.0005046320444753
2.0005038891857856
2.0005031489504095
2.00050241128196
2.000501676188635
2.0005009436734738
2.000500213703732
2.0004994862803533
2.0004987614242538
2.0004980389979607
2.0004973191633595
2.000496601774847
2.0004958868267932
2.000495174354249
2.0004944643751457
2.000493756788915
2.0004930515868327
2.0004923488131934
2.000491648429933
2.0004909504708737
2.0004902548192773
2.000489561553919
2.000488870641964
2.0004881819951192
2.0004874957116594
2.000486811764997
2.0004861300392136
2.0004854505867016
2.0004847735411526
2.0004840986037085
2.000483425934386
2.0004827555075937
2.0004820874023497
2.000481421353646
2.0004807575605894
2.000480095972418
2.000479436559676
2.0004787793064325
2.0004781241665417
2.0004774711892668
2.0004768203601544
2.0004761716185904
2.0004755250032082
2.0004748804862063
2.000474238107848
2.000473597715075
2.000472959417586
2.0004723231828074
2.000471688977482
2.0004710568154924
2.000470426670364
2.000469798578312
2.0004691724690358
2.000468548355218
2.0004679261591547
2.0004673060211084
2.000466687801332
2.000466071527045
2.0004654572246183
2.0004648448464444
2.000464234398726
2.000463625904014
2.0004630192177393
2.0004624145442556
2.0004618116653483
2.0004612106777326
2.0004606115598724
2.0004600143545335
2.000459418943865
2.000458825380904
2.0004582336535273
2.000457643772298
2.000457055678729
2.0004564693511293
2.000455884908173
2.0004553021839233
2.000454721258363
2.0004541421138393
2.000453564728096
2.0004529891081075
2.0004524152011425
2.000451843078201
2.000451272654715
2.0004507039411212
2.000450136961772
2.0004495716576978
2.0004490080742503
2.0004484461379817
2.0004478859271897
2.000447327371884
2.0004467704604636
2.000446215242005
2.0004456616529103
2.000445109715238
2.000444559428751
2.0004440107447237
2.0004434636662256
2.0004429182204357
2.0004423743694146
2.0004418320867035
2.0004412914301137
2.000440752334606
2.0004402148183495
2.000439678840789
2.000439144473818
2.0004386116204884
2.0004380803089608
2.000437550573924
2.000437022347601
2.000436495630205
2.0004359704428194
2.0004354467621908
2.000434924556849
2.0004344039026516
2.0004338847052643
2.0004333669844425
2.000432850785659
2.0004323360057934
2.00043182269958
2.000431310834958
2.0004308004519595
2.0004302914674104
2.0004297839693903
2.000429277899133
2.0004287732342547
2.0004282699678786
2.0004277681816496
2.0004272677300254
2.0004267686795063
2.000426271056825
2.000425774790376
2.0004252799342668
2.000424786429475
2.0004242942922095
2.00042380354962
2.0004233141368086
2.0004228260615537
2.000422339380228
2.0004218539625427
2.00042136994673
2.000420887206768
2.000420405818611
2.0004199257265327
2.0004194469606587
2.000418969494364
2.0004184933355336
2.0004180184860374
2.000417544899337
2.000417072586079
2.0004166015696385
2.0004161318135614
2.0004156633360024
2.0004151961025354
2.000414730113114
2.0004142653928745
2.0004138018957245
2.000413339674607
2.0004128786599606
2.0004124189027523
2.0004119603343997
2.0004115029769385
2.000411046874172
2.0004105919838286
2.0004101382591695
2.000409685770474
2.000409234410846
2.0004087842446916
2.0004083353402
2.0004078875932327
2.000407440983487
2.0004069955612214
2.0004065512932243
2.0004061081830935
2.0004056662382337
2.000405225445646
2.0004047857834437
2.0004043472638604
2.0004039099007884
2.0004034736194276
2.0004030384965237
2.000402604505251
2.0004021716313147
2.0004017398569394
2.0004013091914423
2.000400879630638
2.0004004511637286
2.000400023794367
2.0003995975113718
2.0003991723364365
2.000398748232066
2.000398325185612
2.0003979032365335
2.000397482369263
2.0003970625110847
2.0003966437584224
2.0003962260601336
2.000395809380562
2.000395393786961
2.00039497917417
2.000394565659388
2.000394153156421
2.0003937417033746
2.000393331289821
2.0003929218624683
2.0003925134434977
2.0003921060776033
2.00039169971576
2.0003912943401474
2.0003908899746805
2.0003904866224675
2.0003900842628624
2.0003896828833474
2.0003892824858704
2.0003888830718144
2.0003884846216216
2.0003880872268707
2.0003876907509235
2.000387295219658
2.0003869006793917
2.000386507123361
2.0003861145009503
2.000385722863536
2.000385332131438
2.000384942374293
2.000384553546309
2.0003841656265418
2.000383778688568
2.0003833926473105
2.0003830075710587
2.000382623427328
2.0003822401430247
2.0003818578267936
2.0003814764013623
2.0003810959020694
2.000380716269537
2.0003803375905194
2.0003799598169913
2.000379582916361
2.0003792069199036
2.000378831815232
2.00037845757128
2.0003780842504044
2.000377711785197
2.000377340182598
2.0003769695054037
2.0003765996790484
2.0003762307110917
2.000375862583001
2.0003754953622135
2.0003751289680998
2.0003747634301314
2.0003743987551115
2.0003740349168644
2.0003736719456318
2.0003733097848406
2.000372948497586
2.0003725880508756
2.000372228415177
2.0003718695966355
2.00037151161852
2.0003711544839757
2.0003707981637335
2.000370442560515
2.00037008795114
2.000369734062956
2.000369380999077
2.0003690287218046
2.000368677286448
2.000368326616268
2.0003679767395806
2.000367627687434
2.000367279381294
2.000366931896962
2.0003665852141634
2.0003662392874926
2.000365894145035
2.000365549780817
2.000365206195151
2.000364863404842
2.0003645213564645
2.0003641800782797
2.000363839560697
2.000363499818938
2.0003631608318373
2.0003628226022747
2.000362485090975
2.00036214841656
2.00036181241171
2.0003614771772864
2.0003611426816277
2.0003608089571157
2.000360475900678
2.0003601436408123
2.0003598120935835
2.000359481299485
2.0003591512066987
2.0003588218619326
2.000358493205117
2.000358165288678
2.000357838067897
2.000357511610995
2.000357185820496
2.0003568607816935
2.000356536424086
2.000356212784006
2.0003558898423264
2.000355567562165
2.0003552460384637
2.000354925172476
2.000354605020832
2.0003542855431924
2.000353966791037
2.000353648672266
2.000353390029406
2.000353014552329
2.0003526985047024
2.000352383120873
2.000352068449019
2.000351754428916
2.000351441070537
2.0003511283589663
2.000350816370514
2.000350505006857
2.0003501943028184
2.000349884295166
2.0003495749189906
2.0003492662039655
2.0003489581163114
2.0003486507122687
2.000348343933112
2.0003480378031595
2.000347732325641
2.000347427508765
2.0003471232986576
2.0003468197333563
2.000346516785644
2.0003462145403392
2.0003459128586063
2.0003456118288487
2.0003453114147103
2.000345011618555
2.0003447124747713
2.000344413930331
2.0003441160338737
2.0003438187276004
2.0003435220468155
2.00034322595123
2.000342930510931
2.0003426356598935
2.0003423414110326
2.000342047766627
2.0003417547310565
2.0003414622970164
2.0003411704643157
2.000340879214452
2.000340588570061
2.000340298535195
2.000340009043259
2.0003397201891326
2.0003394318951804
2.0003391441912663
2.000338857106185
2.000338570554029
2.000338284614316
2.0003379992153905
2.0003377144461743
2.0003374302254544
2.000337146564528
2.000336863481405
2.000336580973767
2.0003362990139872
2.0003360176471716
2.000335736823365
2.0003354565692186
2.0003351768792443
2.0003348977567903
2.0003346191645917
2.0003343411568446
2.000334063688106
2.000333786754262
2.0003335103980597
2.000333234566688
2.0003329593165953
2.0003326845814224
2.0003324103869913
2.000332136744609
2.0003318636315517
2.0003315910570763
2.0003313190783265
2.0003310475482605
2.000330776573741
2.0003305068145574
2.000330236899278
2.000329967517792
2.000329698656938
2.0003294296689162
2.00032916187593
2.00032889459698
2.0003286278459655
2.000328361614565
2.0003280958621437
2.000327830669745
2.0003275659755393
2.0003273017841803
2.000327038098398
2.000326774937731
2.000326512275498
2.0003262501362005
2.0003259884878237
2.0003257273240957
2.000325466692458
2.0003252065649453
2.0003249469032904
2.0003246877413545
2.000324429087752
2.000324170919034
2.000323913233798
2.0003236560652926
2.0003233993824936
2.000323143172189
2.00032288747853
2.000322632228769
2.000322377486961
2.000322123229607
2.0003218694247753
2.000321616135426
2.0003213632812384
2.000321110931025
2.000320859071891
2.000320607673118
2.0003203567150503
2.0003201062611304
2.0003198562791296
2.000319606756246
2.000319357693847
2.0003191091101624
2.000318860960486
2.0003186132883117
2.000318366102789
2.0003181193228565
2.0003178730322504
2.000317627227158
2.000317381858034
2.0003171369150556
2.000316892457307
2.0003166484370816
2.0003164048567603
2.000316161736949
2.0003159190669964
2.0003156768432993
2.000315435071905
2.000315193736472
2.000314952827805
2.000314712367892
2.000314472381672
2.000314232805909
2.000313993661958
2.000313754980737
2.0003135166930237
2.0003132788692737
2.0003130414487167
2.0003128044903433
2.0003125679568656
2.000312331840469
2.000312096165739
2.000311860896526
2.000311626079506
2.000311391658019
2.0003111576938166
2.0003109241100416
2.000310690967908
2.000310458257744
2.0003102259375463
2.0003099940589544
2.0003097625791697
2.000309531521146
2.0003093008781305
2.000309070621107
2.0003088408079277
2.0003086113914885
2.0003083823925287
2.0003081537811167
2.000307925590973
2.0003076978130374
2.0003074704239183
2.0003072434395555
2.0003070168601464
2.0003067906826155
2.0003065649062837
2.000306339524295
2.0003061145333936
2.000305889958882
2.000305665775556
2.0003054419660007
2.0003052185520604
2.0003049955559566
2.0003047729233043
2.000304550713795
2.00030432885964
2.00030410738683
2.0003038863136804
2.0003036656404523
2.000303445325735
2.0003032254226665
2.0003030058813343
2.0003027867227217
2.0003025679521245
2.0003023495537486
2.000302131532142
2.0003019138716702
2.000301696616835
2.000301479734526
2.0003012632279376
2.0003010470759035
2.0003008312867836
2.000300615898883
2.000300400868722
2.0003001862092185
2.000299971912361
2.0002997579884583
2.0002995444411265
2.0002993312396593
2.0002991183959398
2.000298905919334
2.0002986938057967
2.0002984820691903
2.0002982706833334
2.00029805964537
2.0002978489821657
2.0002976386529854
2.00029742870501
2.0002972191038855
2.000297009862045
2.000296800966521
2.000296592429898
2.000296384248311
2.000296176383955
2.0002959689043776
2.0002957617631427
2.0002955549622485
2.000295348506871
2.0002951424134645
2.00029493667156
2.000294731239687
2.000294526167834
2.000294321443848
2.0002941170632536
2.000293913016761
2.0002937093152764
2.000293505951715
2.0002933029188488
2.0002931002323905
2.000292897864798
2.000292695850184
2.0002924941421574
2.000292292810033
2.000292091779529
2.000291891081699
2.00029169074226
2.0002914907176375
2.0002912909983013
2.0002910916257233
2.0002908926008294
2.0002906938728855
2.000290495478484
2.000290297407721
2.0002900996721
2.000289902250677
2.0002897051568143
2.000289508374189
2.000289311931774
2.000289115791046
2.0002889199711937
2.0002887244777123
2.000288529288514
2.000288334414517
2.0002881398632435
2.000287945640439
2.0002877517111557
2.0002875581181487
2.000287364811914
2.0002871718247133
2.000286979169254
2.000286786799529
2.000286594760757
2.0002864030080802
2.000286211577209
2.000286020456558
2.000285829637986
2.0002856391020276
2.0002854488892097
2.0002852589750786
2.0002850693873873
2.0002848800974857
2.000284691093132
2.0002845023839386
2.000284313995947
2.0002841258815525
2.000283938083927
2.000283750597744
2.0002835633675753
2.000283376473524
2.000283189845356
2.000283003535038
2.0002828175216694
2.000282631780401
2.0002824463576223
2.0002822611858977
2.0002820763526112
2.0002818917720333
2.0002817074879253
2.0002815235090172
2.00028133980705
2.000281156391694
2.000280973286857
2.000280790462775
2.000280607904344
2.000280425637572
2.0002802436577443
2.000280061955481
2.0002798805506012
2.0002796994066157
2.0002795185592808
2.0002793379712487
2.000279157682461
2.0002789776608876
2.0002787979281837
2.000278618495092
2.0002784393067117
2.0002782604031943
2.000278081782385
2.0002779034167757
2.000277725365897
2.0002775475541754
2.0002773700202283
2.0002771927632947
2.00027701576884
2.000276839070577
2.0002766626211685
2.0002764864424623
2.0002763105508516
2.0002761349121836
2.0002759595625914
2.00027578445463
2.000275609632942
2.0002754350533922
2.0002752607517515
2.0002750867196015
2.000274912941779
2.0002747394349534
2.000274566196905
2.0002743932034113
2.000274220501231
2.0002740480284227
2.0002738758228014
2.0002737038784884
2.0002735322262915
2.0002733607862386
2.0002731896308834
2.000273018725588
2.000272848080487
2.000272677671981
2.0002725075348624
2.000272337653934
2.0002721680181037
2.0002719986498327
2.000271829541724
2.0002716606704185
2.000271492044823
2.0002713236939034
2.0002711555621357
2.0002709876945004
2.000270820083315
2.0002706527032026
2.0002704855849887
2.0002703187294384
2.0002701520950286
2.0002699857093162
2.0002698195858613
2.0002696537144153
2.0002694880652037
2.0002693226713486
2.000269157509214
2.000268992616714
2.0002688279293435
2.000268663530239
2.000268499333473
2.000268335413702
2.000268171702053
2.0002680082381334
2.000267845023831
2.0002676820354695
2.000267519275904
2.0002673567907596
2.000267194518025
2.0002670324666876
2.000266870663209
2.000266709114293
2.0002665477922905
2.000266386698885
2.00026622583624
2.0002660652299142
2.0002659048210187
2.0002657446461325
2.0002655847369404
2.0002654250412895
2.0002652655645243
2.000265106331186
2.000264947311644
2.0002647885491585
2.000264630001436
2.0002644716821196
2.000264313583855
2.000264155713511
2.0002639980739447
2.000263840660786
2.000263683472087
2.0002635265260893
2.000263369791509
2.000263213248078
2.0002630569797706
2.0002629008989206
2.000262745055326
2.0002625894288952
2.000262434044653
2.0002622788341284
2.0002621238844362
2.0002619691454355
2.000261814625012
2.0002616603341066
2.000261506252144
2.0002613523930233
2.000261198729599
2.000261045295825
2.000260892080771
2.000260739079025
2.000260586284628
2.0002604337311505
2.0002602813812977
2.000260129232464
2.000259977316135
2.000259825587573
2.000259674082168
2.000259522812977
2.0002593717313006
2.0002592208623593
2.0002590702326355
2.0002589197514307
2.0002587695456984
2.000258619519932
2.0002584696978167
2.0002583201041357
2.000258170688445
2.000258021506777
2.0002578725193954
2.00025772375978
2.0002575751779377
2.0002574268099007
2.0002572786458623
2.0002571306999415
2.0002569829624304
2.0002568354182575
2.0002566880731085
2.0002565409256188
2.000256393991225
2.000256247246358
2.0002561007351805
2.000255954401607
2.0002558082850754
2.000255662350415
2.0002555166187648
2.000255371088218
2.000255225768044
2.0002550806333237
2.000254935690617
2.0002547909571655
2.0002546464229516
2.000254502096135
2.0002543579304177
2.000254213985329
2.000254070232964
2.0002539266803354
2.000253783322515
2.0002536401578648
2.000253497204282
2.000253354407602
2.0002532118286065
2.000253069423127
2.000252927252465
2.00025278523135
2.00025264341095
2.0002525017985042
2.0002523603452285
2.00025221911032
2.000252078060268
2.000251937191806
2.0002517965290387
2.000251656037425
2.0002515157370864
2.000251375628008
2.0002512357143805
2.00025109597764
2.000250956426456
2.000250817067417
2.00025067788417
2.0002505389014846
2.0002504001080506
2.000250261479172
2.000250123043749
2.0002499847960764
2.0002498467321472
2.0002497088452804
2.000249571142488
2.0002494336234338
2.000249296308257
2.0002491591432583
2.0002490221661597
2.0002488853830824
2.0002487487731613
2.000248612345462
2.000248476095141
2.0002483400342443
2.000248204127514
2.0002480684167123
2.0002479328855376
2.0002477975341257
2.0002476623600893
2.0002475273541256
2.0002473925461612
2.0002472578917008
2.000247123419335
2.0002469891248347
2.000246855016409
2.0002467210762593
2.00024658728829
2.0002464536890336
2.0002463202713985
2.0002461870395054
2.00024605395644
2.000245921061935
2.0002457883310516
2.0002456557753368
2.0002455233879033
2.0002453911580464
2.000245259122168
2.0002451272822954
2.0002449955692936
2.0002448640276755
2.0002447326946093
2.000244601492402
2.000244470477059
2.0002443396274208
2.000244208936757
2.000244078431584
2.000243948076963
2.000243817895351
2.0002436878993666
2.000243558020394
2.000243428361439
2.0002432988451644
2.00024316950578
2.0002430403006968
2.000242911288717
2.0002427824571454
2.0002426537590194
2.000242525233737
2.0002423968789635
2.0002422686785852
2.0002421406546276
2.0002420127762255
2.0002418850724317
2.0002417575181024
2.0002416301396373
2.0002415029263636
2.00024137581225
2.0002412489562498
2.0002411222134784
2.0002409956180776
2.000240869227655
2.0002407429492712
2.00024061685279
2.0002404909054547
2.0002403651142435
2.00024023949877
2.0002401140211448
2.000239988731186
2.0002398635778853
2.000239738586673
2.0002396137274516
2.000239489068344
2.000239364522151
2.0002392401525952
2.0002391159662345
2.0002389918909613
2.0002388679948475
2.0002387442488856
2.000238620650908
2.000238497189353
2.000238373911723
2.000238250772028
2.000238127791534
2.00023800496723
2.0002378822815197
2.0002377597612973
2.000237637384406
2.0002375151818836
2.0002373931027493
2.000237271170805
2.000237149413488
2.0002370277944608
2.0002369063312893
2.0002367850184926
2.00023666385485
2.000236542809977
2.0002364219742605
2.000236301240214
2.0002361806608584
2.0002360602435774
2.0002359399684564
2.000235819835374
2.0002356998584574
2.0002355800095706
2.000235460324892
2.000235340779839
2.000235221391713
2.0002351021393343
2.000234983031381
2.000234864075099
2.0002347452524147
2.0002346265978392
2.0002345080709687
2.000234389683508
2.000234271451632
2.0002341533477206
2.00023403541119
2.000233917596657
2.000233799924807
2.0002336824114715
2.0002335650282776
2.0002334477976023
2.0002333306920836
2.000233213730048
2.00023309693385
2.000232980245742
2.000232863728564
2.0002327473276003
2.0002326310675245
2.00023251495453
2.0002323989862107
2.00023228315203
2.0002321674642323
2.00023205190443
2.000231936494997
2.0002318212151198
2.0002317060618675
2.0002315910628194
2.000231476195065
2.000231361480529
2.0002312468679686
2.0002311324026985
2.000231018092595
2.000230903921113
2.0002307898643608
2.000230675969471
2.000230562184143
2.0002304485332028
2.0002303350560777
2.0002302216727834
2.000230108416581
2.0002299953369005
2.000229882350976
2.0002297695232643
2.000229656822357
2.000229544251035
2.0002294318173655
2.000229319507928
2.0002292073475942
2.0002290953017865
2.0002289833900178
2.0002288716282837
2.0002287599739477
2.0002286484681178
2.0002285370929247
2.000228425830155
2.0002283147027904
2.0002282037020325
2.0002280928647016
2.00022798213311
2.000227871527685
2.000227761052194
2.0002276507002024
2.00022754049595
2.0002274304085956
2.000227320445859
2.000227210612269
2.000227100898594
2.000226991343757
2.0002268818785027
2.000226772584514
2.0002266633860413
2.0002265543212743
2.0002264453710783
2.000226336555291
2.0002262278811878
2.000226119320713
2.000226010871652
2.000225902571497
2.000225794388042
2.000225686337185
2.0002255783694065
2.0002254705609865
2.0002253628787434
2.000225255315232
2.0002251478767503
2.000225040566966
2.0002249333607818
2.00022482628744
2.0002247193418103
2.0002246125229965
2.000224505815274
2.0002243992186473
2.0002242927692406
2.000224186411113
2.0002240802190006
2.0002239741146717
2.000223868142796
2.0002237622926287
2.000223656548193
2.000223550949496
2.000223445441968
2.00022334008154
2.000223234833095
2.0002231297005504
2.0002230246840997
2.000222919801459
2.0002228150067967
2.000222710370241
2.0002226058086374
2.0002225013954487
2.0002223970889728
2.000222292897314
2.000222188838025
2.0002220848809937
2.000221981051398
2.0002218773469767
2.0002217737409413
2.000221670254899
2.000221566892083
2.000221463643903
2.000221360507294
2.000221257493981
2.0002211545809105
2.000221051811857
2.000220949125055
2.0002208465633644
2.0002207441310693
2.000220641796309
2.0002205395721524
2.0002204374753703
2.0002203354895927
2.000220233631051
2.000220131855323
2.000220030221696
2.0002199286830566
2.00021982729068
2.0002197259583916
2.0002196247757627
2.0002195236887057
2.0002194227170724
2.0002193218609894
2.000219221123399
2.0002191204735853
2.0002190199658747
2.000218919546714
2.000218819251287
2.0002187190596254
2.000218618973145
2.000218519014109
2.0002184191489123
2.0002183194047856
2.000218219750408
2.0002181202203286
2.000218020807163
2.0002179215014286
2.0002178222926625
2.0002177232089275
2.0002176242100957
2.000217525334247
2.000217426576882
2.0002173278984836
2.000217229345495
2.000217130913707
2.000217032572124
2.000216934349193
2.0002168362253356
2.000216738207351
2.0002166402991115
2.000216542497598
2.000216444809772
2.000216347210548
2.0002162497245
2.0002161523608484
2.000216055086915
2.000215957920339
2.0002158608665925
2.00021576390156
2.0002156670600937
2.0002155703060307
2.0002154736628377
2.000215377125244
2.0002152806938964
2.0002151843722795
2.000215088149106
2.000214992025172
2.000214895999677
2.0002148000838313
2.0002147042840823
2.0002146085706807
2.000214512974917
2.0002144174705303
2.000214322070255
2.000214226769216
2.0002141315752886
2.0002140364801053
2.0002139414855686
2.0002138465849
2.0002137518093996
2.000213657127557
2.0002135625433137
2.0002134680496386
2.0002133736745393
2.0002132793928973
2.0002131852024467
2.000213091113825
2.0002129971355616
2.000212903253556
2.00021280947121
2.0002127157943232
2.00021262220263
2.000212528726557
2.0002124353522683
2.000212342051806
2.0002122488627863
2.000212155772173
2.000212062781981
2.000211969874669
2.0002118770985597
2.0002117844031937
2.0002116917940684
2.0002115992970992
2.000211506896563
2.000211414590996
2.0002113223856655
2.0002112302676163
2.000211138259908
2.000211046337583
2.000210954510373
2.000210862777919
2.0002107711593853
2.0002106796346837
2.000210588192399
2.000210496853241
2.0002104055895615
2.0002103144589483
2.0002102234002797
2.0002101324277404
2.0002100415717847
2.0002099507912936
2.000209860121802
2.0002097695346
2.000209679039787
2.0002095886650033
2.000209498359346
2.0002094081517816
2.0002093180295857
2.000209228025958
2.000209138104274
2.000209048269019
2.000208958536536
2.000208868893046
2.000208792102223
2.000208689877368
2.0002086005085316
2.0002085112319947
2.0002084220567373
2.0002083329600744
2.000208243959401
2.0002081550542217
2.000208066230705
2.000207977515043
2.0002078888763353
2.0002078003371686
2.000207711879053
2.0002076235141195
2.0002075352562216
2.000207447077672
2.000207358987031
2.0002072709760745
2.0002071830725576
2.0002070952461364
2.0002070075272225
2.000206919878495
2.000206832328486
2.000206744866032
2.0002066574945925
2.0002065702194094
2.000206483035571
2.000206395939798
2.000206308909217
2.0002062219775367
2.000206135146211
2.0002060483857784
2.000205961895383
2.00020587532149
2.0002057888221225
2.0002057024257525
2.000205616112617
2.0002055298872667
2.0002054437660926
2.0002053576895107
2.000205271731826
2.000205185854775
2.0002051000715193
2.0002050143716334
2.000204928748235
2.0002048430688255
2.0002047576353563
2.0002046722698603
2.0002045869951472
2.000204501803035
2.000204416709908
2.0002043316938165
2.000204246751275
2.0002041619139272
2.000204077152982
2.0002039924815693
2.000203907870083
2.000203823381717
2.000203738968681
2.000203654635587
2.0002035703839653
2.000203486205731
2.000203402126341
2.0002033181141687
2.0002032341999194
2.0002031503655293
2.000203066624499
2.000202982948861
2.000202899354412
2.000202815873644
2.0002027324479386
2.0002026491128486
2.00020256587084
2.0002024827087888
2.0002023996005733
2.0002023166028504
2.000202233681827
2.000202150835786
2.000202068090566
2.0002019854151096
2.0002019028307707
2.00020182030331
2.0002017378742147
2.000201655506928
2.000201573245819
2.0002014910565804
2.000201408957687
2.0002013269173546
2.0002012449723385
2.0002011631059196
2.0002010813256446
2.0002009996102097
2.0002009179953544
2.0002008364545176
2.000200754983667
2.0002006735976625
2.0002005922894117
2.0002005110668204
2.0002004299132783
2.000200348851109
2.0002002678734057
2.000200186949709
2.000200106122198
2.0002000253765524
2.0001999446974295
2.0001998641020213
2.000199783586212
2.000199703145296
2.000199622792645
2.0001995424883385
2.0001994623086015
2.00019938216036
2.0001993021244258
2.0001992221226823
2.0001991422601466
2.0001990624445902
2.000198982713796
2.000198903044997
2.000198823465417
2.0001987439416293
2.000198664527095
2.0001985851783917
2.0001985058889433
2.000198426681947
2.0001983475697536
2.0001982685267663
2.000198189546315
2.0001981106510427
2.0001980318283206
2.000197953082563
2.000197874403052
2.000197795831277
2.000197717302702
2.000197638857023
2.0001975604969475
2.000197482189782
2.000197403971988
2.0001973258284234
2.000197247770498
2.000197169763219
2.00019709184367
2.0001970140122136
2.0001969362221637
2.000196858536978
2.000196780909456
2.0001967033536676
2.0001966258816206
2.000196548484381
2.0001964711494513
2.000196393901416
2.000196316702986
2.0001962396145334
2.00019616257489
2.000196085624532
2.000196008720631
2.000195931915547
2.0001958551563037
2.000195778482409
2.000195701894996
2.000195625365958
2.000195548906703
2.0001954725381754
2.000195396218165
2.0001953199818656
2.0001952438164086
2.0001951677075454
2.000195091705787
2.000195015741587
2.0001949398690044
2.0001948640633853
2.000194788319638
2.0001947126605684
2.0001946370649395
2.0001945615375534
2.0001944860832617
2.000194410696836
2.000194335397276
2.0001942601488514
2.0001941849782763
2.0001941098678957
2.0001940348343488
2.0001939598870977
2.000193884993368
2.0001938101700123
2.000193735429906
2.0001936607386113
2.00019358612609
2.0001935115924443
2.0001934371075776
2.000193362714998
2.000193288369042
2.0001932141071896
2.0001931399006048
2.0001930657714384
2.0001929917177135
2.000192917727103
2.0001928438024192
2.0001927699397255
2.00019269615949
2.0001926224490347
2.0001925487949284
2.000192475214004
2.000192401680323
2.0001923282490934
2.0001922548714766
2.0001921815619688
2.000192108328406
2.000192035146163
2.000191962040882
2.000191889002193
2.000191816025502
2.0001917431178726
2.0001916702838307
2.000191597511292
2.00019152479178
2.000191452165584
2.000191379590663
2.0001913070804886
2.000191234634336
2.000191162275137
2.0001910899544173
2.0001910177191498
2.0001909455373945
2.000190873425572
2.000190801380631
2.0001907294030215
2.0001906575060806
2.000190585646618
2.0001905138721146
2.0001904421445027
2.000190370494472
2.000190298918351
2.0001902273939787
2.0001901559457327
2.0001900845556633
2.0001900132214914
2.0001899419589955
2.0001898707682906
2.0001897996380067
2.0001897285589476
2.0001896575527214
2.000189586613004
2.0001895157351823
2.000189444926285
2.0001893741806214
2.0001893034930887
2.000189232870457
2.0001891623182795
2.0001890918268677
2.0001890213990685
2.000188951024821
2.0001888807261587
2.000188810485105
2.0001887403114034
2.0001886701984977
2.000188600148589
2.0001885301659343
2.000188460250746
2.000188390362995
2.000188320586303
2.0001882508438484
2.0001881811661484
2.0001881115495386
2.0001880419865175
2.0001879725108522
2.0001879030868106
2.0001878337140266
2.0001877644113177
2.000187695175256
2.000187625988044
2.000187556880264
2.000187487808217
2.0001874188373137
2.0001873499040603
2.000187281043129
2.000187212211636
2.000187143469048
2.000187074784173
2.0001870061466844
2.000186937584312
2.000186869077264
2.0001868006256447
2.0001867322457834
2.0001866639148123
2.0001865956550553
2.0001865274734394
2.0001864593151844
2.000186391237247
2.000186323213065
2.00018625525429
2.0001861873417175
2.0001861195051225
2.0001860517180146
2.0001859839942284
2.0001859163348494
2.000185848737124
2.0001857811863495
2.000185713698719
2.000185646273621
2.000185578896669
2.00018551161001
2.0001854443516995
2.0001853771643807
2.0001853100216778
2.0001852429497085
2.000185175947305
2.000185108985789
2.00018504208414
2.000184975252635
2.000184908465198
2.000184841759538
2.0001847750912622
2.0001847084899285
2.0001846419321665
2.000184575442851
2.000184509006384
2.000184442636134
2.0001843763246554
2.0001843100630996
2.000184243864527
2.0001841777276823
2.000184111645126
2.0001840456094255
2.0001839796331047
2.0001839137195225
2.0001838478700953
2.000183782070941
2.000183716323105
2.000183650647045
2.0001835850095335
2.000183519436955
2.000183453916287
2.0001833884540736
2.000183323046801
2.0001832577179233
2.0001831924159883
2.000183127190829
2.0001830620124
2.000182996883033
2.000182931820277
2.0001828668026964
2.000182801857483
2.0001827369636302
2.0001826721190783
2.0001826073354767
2.0001825425972832
2.000182477912985
2.0001824133018955
2.000182348727703
2.0001822842259442
2.0001822197720873
2.000182155371232
2.000182091033117
2.000182026736992
2.000181962498501
2.000181898311827
2.000181834188116
2.00018177012532
2.0001817061191876
2.0001816421548932
2.000181578243481
2.0001815143975836
2.0001814505972555
2.000181386842698
2.0001813231535137
2.0001812595267467
2.0001811959436546
2.000181132410328
2.000181068926941
2.0001810055248304
2.000180942151103
2.0001808788475994
2.0001808155834757
2.0001807523839368
2.0001806892164034
2.00018062612432
2.0001805630813676
2.0001805000911177
2.0001804371498673
2.000180374264516
2.000180311414461
2.000180248639823
2.000180185897395
2.000180123243255
2.000180060622402
2.0001799980554362
2.0001799355331613
2.0001798730669136
2.00017981065811
2.0001797483063273
2.0001796859893632
2.000179623748268
2.0001795615434883
2.000178942366802
2.0001783283359766
2.000177719378038
2.0001771154399353
2.00017651643235
2.0001759223048565
2.000175332993578
2.0001747484469155
2.000174168605908
2.000173593366636
2.000173022732364
2.0001724566145254
2.0001718949695686
2.0001713377240327
2.0001707848358325
2.000170236245629
2.0001696919076415
2.000169151767146
2.00016861576134
2.000168083872625
2.000167556015616
2.0001670321717513
2.0001665122676653
2.0001659962592826
2.0001654841174727
2.0001649757902964
2.0001644712171287
2.000163970391597
2.0001634732323255
2.000162979713395
2.0001624897892776
2.0001620034233336
2.0001615205772065
2.0001610411817854
2.0001605652497667
2.0001600926966825
2.0001596234949797
2.0001591576253626
2.0001586950390573
2.0001582357050807
2.000157779571446
2.000157326621451
2.0001568768124485
2.0001564301086856
2.000155986482435
2.0001555458847555
2.0001551082994133
2.0001546736880744
2.0001542420258547
2.000153813270836
2.0001533873904127
2.000152964360904
2.000152544161812
2.0001521267475146
2.000151712099564
2.000151300182878
2.0001508909602443
2.000150484425209
2.000150080530952
2.0001496792604563
2.0001492805932517
2.0001488844886794
2.000148490918158
2.0001480998712187
2.000147711313964
2.0001473252309006
2.000146941582604
2.0001465603384294
2.0001461815032804
2.0001458050326475
2.000145430913263
2.0001450591184633
2.0001446896225854
2.0001443224016175
2.000143957421551
2.0001435946982227
2.0001432341854506
2.00014287585499
2.000142519699631
2.0001421656956637
2.000141813815561
2.000141464043318
2.0001411163665033
2.000140770759541
2.0001404271918304
2.000140085666603
2.000139746152593
2.0001394086208486
2.000139073074449
2.0001387394792522
2.00013840782158
2.000138078093071
2.0001377502626654
2.000137424318698
2.000137100242226
2.000136778025332
2.000136457634227
2.000136139057888
2.0001358222923242
2.000135507317968
2.000135194102772
2.000134882642804
2.0001345729366524
2.000134264939533
2.0001339586566327
2.000133654069112
2.000133351164963
2.0001330499209686
2.0001327503306316
2.000132452370423
2.0001321560334766
2.0001318613027506
2.000131568169139
2.000131276616329
2.0001309866376458
2.0001306981991873
2.000130411305292
2.0001301259484103
2.0001298420946387
2.00012955974405
2.0001292788953604
2.0001289995101197
2.0001287215961074
2.000128445145773
2.0001281701124527
2.0001278965253606
2.0001276243516433
2.0001273536153557
2.0001270842480605
2.000126816260195
2.00012654963735
2.0001262843785574
2.0001260204394375
2.0001257578685547
2.000125496627457
2.000125236699794
2.0001249780821624
2.000124720764276
2.000124464728746
2.0001242099835435
2.000123956482452
2.000123704258291
2.000123453265076
2.0001232035196366
2.0001229549985946
2.0001227076876646
2.0001224615982682
2.000122216694685
2.0001219729906907
2.0001217304604024
2.0001214891070633
2.000121248920623
2.000121009880169
2.000120771986234
2.000120535221348
2.0001202996015413
2.000120065094221
2.0001198316947035
2.000119599393905
2.000119368192272
2.000119138081544
2.0001189090453897
2.000118681073978
2.00011845417543
2.0001182283204084
2.000118003518917
2.0001177797571343
2.000117557027462
2.0001173353203754
2.000117114625731
2.0001168949512595
2.0001166762775404
2.0001164585858713
2.000116241897769
2.0001160261750774
2.0001158114287914
2.0001155976581817
2.0001153848390367
2.0001151729775235
2.000114962052903
2.000114752091056
2.000114543044443
2.000114334927265
2.0001141277275085
2.000113921443051
2.0001137160650253
2.0001135115944058
2.0001133080070566
2.000113105312993
2.000112903505347
2.0001127025709717
2.0001125025160205
2.00011230331017
2.0001121049720085
2.000111907482591
2.000111710842347
2.000111515042654
2.0001113200736245
2.000111125936302
2.0001109326290347
2.0001107401314937
2.000110548461987
2.0001103575930217
2.000110167510785
2.0001099782475538
2.0001097897654745
2.0001096020700224
2.000109415157154
2.000109229022942
2.000109043652392
2.000108859053883
2.0001086752195802
2.000108492130426
2.0001083097995043
2.0001081282211994
2.00010794737441
2.000107767269004
2.000107587901817
2.000107409248824
2.0001072313249444
2.00010705411829
2.0001068776287636
2.0001067018485554
2.0001065267669773
2.000106352382229
2.0001061787056127
2.000106005700838
2.0001058334015775
2.000105661774988
2.0001054908343767
2.0001053205602948
2.0001051509558043
2.0001049820252597
2.000104813748772
2.0001046461355125
2.0001044791677387
2.0001043128518723
2.000104147182497
2.0001039821549558
2.0001038177592063
2.0001036540035275
2.0001034908783617
2.000103328379902
2.0001031664969204
2.0001030052310207
2.0001028445886897
2.0001026845491254
2.000102525129179
2.0001023662996666
2.0001022080656212
2.000102050446909
2.0001018934129204
2.0001017369612475
2.0001015811049614
2.0001014258245373
2.000101271126637
2.0001011170042755
2.0001009634521605
2.0001008104677136
2.0001006580499348
2.0001005061886916
2.0001003548912437
2.000100204151173
2.0001000539645215
2.000099904325369
2.0000997552325686
2.0000996066786416
2.000099458673128
2.0000993112014203
2.0000991642494594
2.000099017840005
2.0000988719617814
2.0000987266011303
2.000098581757532
2.0000984374385875
2.000098293643455
2.0000981503327653
2.000098007567079
2.00009786529846
2.000097723516784
2.0000975822514047
2.0000974414791415
2.000097301212389
2.000097161439436
2.0000970221398893
2.000096883335494
2.0000967450110543
2.000096607174495
2.000096469817075
2.0000963329373667
2.000096196530117
2.000096060592686
2.0000959251280337
2.0000957901312635
2.0000956555896483
2.000095521515189
2.000095387894516
2.0000952547419732
2.000095122033018
2.000094989778577
2.000094857976378
2.000094726616415
2.000094595700661
2.0000944652280155
2.000094335191947
2.000094205600362
2.0000940764379127
2.0000939477072572
2.0000938194044866
2.000093691541447
2.0000935640980897
2.000093437070513
2.0000933104799947
2.000093184295316
2.0000930585281615
2.0000929331777773
2.0000928082396374
2.000092683714881
2.0000925595954517
2.0000924358866348
2.000092312575896
2.000092189669279
2.000092067160099
2.0000919450491454
2.0000918233393223
2.000091702018644
2.0000915810877924
2.000091460551595
2.0000913404073715
2.0000912206407055
2.0000911012562907
2.0000909822565403
2.000090863639291
2.000090745394214
2.000090627530796
2.0000905100420288
2.000090392922052
2.0000902761709103
2.0000901597928187
2.0000900437820315
2.000089928129406
2.000089812841164
2.000089697920234
2.00008958335342
2.000089469148457
2.00008935529473
2.0000892418048486
2.0000891286581197
2.0000890158672773
2.000088903423643
2.0000887913217538
2.000088679569166
2.0000885681644616
2.0000884570969117
2.000088346376345
2.0000882359853716
2.000088125937893
2.0000880162240096
2.0000879068482336
2.0000877977992406
2.0000876890824952
2.000087580692644
2.000087472637933
2.0000873649018747
2.0000872574996924
2.0000871504121047
2.000087043648465
2.000086937202939
2.000086831078082
2.000086725272075
2.0000866197769716
2.0000865144221867
2.000086409549762
2.0000863051715756
2.0000862009223854
2.000086096986064
2.0000859933528843
2.000085890022401
2.00008578701051
2.000085684280863
2.0000855818650565
2.000085479743874
2.000085377921307
2.0000852763950188
2.0000851751670132
2.0000850742258196
2.000084973582941
2.0000848732332472
2.0000847731719955
2.0000846733997824
2.0000845739076567
2.000084474708173
2.000084375793371
2.000084277160134
2.0000841788142103
2.0000840807487585
2.0000839829572126
2.0000838854433916
2.0000837882096514
2.0000836912539284
2.00008359457228
2.0000834981591566
2.000083402025232
2.000083306158236
2.0000832105614257
2.000083115232499
2.0000830201695914
2.0000829253762937
2.0000828308498555
2.000082736581007
2.0000826425752796
2.0000825488352927
2.0000824553485526
2.000082362127211
2.0000822691653592
2.0000821764592076
2.0000820840035254
2.000081991806343
2.00008189986366
2.000081808174673
2.000081716732323
2.0000816255494205
2.0000815346053105
2.0000814439150316
2.000081353465676
2.0000812632685445
2.000081173317209
2.000081083603731
2.0000809941345463
2.000080904912559
2.0000808159266947
2.0000807271763685
2.000080638672082
2.000080550405592
2.0000804623670625
2.0000803745742224
2.000080287007719
2.000080199678956
2.000080112586374
2.000080025723018
2.000079939090724
2.000079852687304
2.0000797665096215
2.000079680566067
2.0000795948473424
2.0000795101259317
2.0000794240842703
2.0000793390324327
2.000079254212179
2.000079169613687
2.000079085232806
2.0000790010751976
2.0000789171424054
2.000078833415333
2.0000787499136794
2.0000786666283936
2.0000785835536767
2.0000785007025814
2.000078418056788
2.000078335628116
2.0000782534172363
2.0000781714107614
2.0000780896235617
2.0000780080328218
2.000077926661424
2.000077845491635
2.0000777645337937
2.0000776837772882
2.0000776032303293
2.000077522884825
2.0000774427453565
2.0000773628079145
2.0000772830746603
2.0000772035405285
2.000077124212123
2.000077045075939
2.000076966146747
2.000076887410619
2.0000768088685277
2.0000767305320375
2.0000766523872837
2.000076574435415
2.0000764966752693
2.000076419121773
2.000076341745184
2.000076264566406
2.000076187583541
2.0000761107893905
2.000076034180868
2.0000759577629506
2.0000758815358224
2.000075805497535
2.0000757296420892
2.000075653972421
2.0000755784929853
2.000075503192509
2.0000754280793447
2.000075353148514
2.00007527839874
2.0000752038355114
2.0000751294453987
2.000075055241947
2.000074981217709
2.000074907371675
2.00007483374889
2.0000747602157958
2.0000746868986647
2.000074613761094
2.0000745408064313
2.000074468013694
2.0000743954045848
2.000074322962065
2.0000742506974625
2.000074178608981
2.000074106682018
2.000074034934766
2.0000739633541684
2.000073891943982
2.0000738207054827
2.0000737496313987
2.000073678728097
2.000073607988253
2.0000735374187895
2.000073467016425
2.0000733967700413
2.000073326701584
2.0000732567862536
2.000073187042766
2.0000731174588884
2.000073048037328
2.0000729787737503
2.000072909677051
2.0000728407412387
2.0000727719572513
2.0000727033402956
2.00007263488055
2.000072566578237
2.0000724984284846
2.000072430443702
2.000072362612183
2.0000722949365466
2.0000722274154477
2.0000721600500473
2.0000720928389173
2.0000720257812232
2.0000719588788023
2.000071892125885
2.0000718255301964
2.0000717590788737
2.0000716927776585
2.0000716266295493
2.0000715606323216
2.0000714947868348
2.000071429086539
2.000071363536886
2.0000712981285917
2.0000712328712478
2.000071167763233
2.0000711028000753
2.000071037977864
2.0000709733036834
2.0000709087775475
2.000070844389818
2.000070780144905
2.0000707160491946
2.0000706520916736
2.000070588277407
2.0000705246078008
2.000070461075136
2.000070397684044
2.0000703344295925
2.0000702713191827
2.0000702083492783
2.0000701455138166
2.000070082819262
2.000070020257549
2.0000699578358994
2.0000698955545193
2.0000698334064535
2.000069771392539
2.000069709512335
2.0000696477687456
2.0000695861606
2.0000695246834366
2.000069463344876
2.000069402136813
2.0000693410565136
2.000069280113857
2.000069219271889
2.0000691586187553
2.00006909806534
2.000069037644428
2.000068977355653
2.000068917191063
2.0000688571595866
2.000068797257207
2.000068737479793
2.0000686778272123
2.000068618306394
2.000068558907926
2.0000684996441067
2.00006844049913
2.0000683814810296
2.0000683225851144
2.000068263823402
2.000068205176997
2.000068146654198
2.00006808826179
2.000068029984681
2.0000679718318923
2.0000679137987096
2.0000678558909586
2.0000677981078034
2.0000677404421148
2.0000676828977513
2.0000676254706997
2.000067568165717
2.000067510982368
2.000067453913262
2.000067396964751
2.000067340132378
2.00006728341766
2.000067226821589
2.000067170344967
2.000067113982247
2.000067057736067
2.0000670016045095
2.0000669455944085
2.0000668896916802
2.0000668339029444
2.0000667782344275
2.0000667226778885
2.0000666672311493
2.00006661190282
2.000066556685084
2.000066501583676
2.0000664465893623
2.0000663917073798
2.0000663369410696
2.000066282277267
2.0000662277285586
2.000066173288451
2.000066118966404
2.0000660647464517
2.000066010638869
2.0000659566358205
2.000065902746012
2.000065848962642
2.000065795286509
2.000065741720448
2.000065688260288
2.0000656349045616
2.000065581658411
2.0000655285172635
2.0000654754804446
2.0000654225500494
2.000065369725021
2.000065317005792
2.000065264390012
2.0000652118767364
2.0000651594715246
2.000065107167374
2.0000650549679335
2.0000650028726144
2.0000649508751964
2.0000648989802405
2.00006484718714
2.000064795499555
2.000064743909059
2.0000646924192216
2.000064641035504
2.000064589749696
2.0000645385652693
2.0000644874801585
2.000064436491307
2.000064385604793
2.0000643348112996
2.000064284123149
2.0000642335266177
2.000064183032026
2.0000641326342232
2.0000640823357907
2.0000640321343974
2.0000639820288217
2.000063932021103
2.000063882100989
2.000063832283114
2.000063782566747
2.00006373293637
2.000063683403723
2.000063633965596
2.0000635846215475
2.000063535374609
2.0000634862175763
2.00006343715785
2.000063388181639
2.0000633393083174
2.000063290527654
2.0000632418354547
2.000063193238342
2.0000631447300687
2.000063096317257
2.0000630479933945
2.0000629997614543
2.000062951617882
2.0000629035676387
2.000062855605302
2.0000628077316027
2.0000627599512244
2.0000627122586496
2.0000626646547097
2.000062617138382
2.0000625697131027
2.0000625223710746
2.0000624751222364
2.000062427965544
2.000062380887588
2.0000623339022154
2.0000622870012488
2.0000622401892305
2.0000621934620515
2.0000621468209956
2.0000621002659575
2.00006205379949
2.000062007416963
2.0000619611164923
2.0000619149004053
2.0000618687777996
2.0000618227246996
2.000061776776074
2.0000617308969937
2.00006168510752
2.000061639399172
2.0000615937776813
2.000061548231061
2.000061502773483
2.000061457401006
2.0000614121045825
2.000061366893589
2.0000613217652576
2.000061276714902
2.0000612317516184
2.000061186860503
2.0000611420599226
2.000061097335044
2.0000610526948512
2.0000610081316594
2.000060963647639
2.0000609192408647
2.000060874919325
2.0000608306752867
2.00006078651305
2.000060742424403
2.0000606984160307
2.0000606544889075
2.0000606106389003
2.0000605668614067
2.000060523168182
2.000060479546533
2.000060436011573
2.0000603925467617
2.00006034915714
2.0000603058538315
2.0000602626167696
2.000060219461017
2.0000601763805275
2.000060133378061
2.000060090446303
2.000060047588937
2.00006000481035
2.0000599621075446
2.0000599194819912
2.000059876924495
2.0000598344446607
2.0000597920389893
2.0000597497090005
2.0000597074480817
2.0000596652638163
2.000059623150571
2.0000595811146074
2.000059539148301
2.0000594972561436
2.0000594554376536
2.000059413686743
2.0000593720158877
2.0000593304098313
2.0000592888793425
2.000059247418652
2.0000592060325726
2.000059164712333
2.000059123468331
2.0000590822921898
2.0000590411853882
2.0000590001505523
2.0000589591821454
2.0000589182894526
2.000058877466063
2.000058836709535
2.000058796024296
2.0000587554088955